633200
643871
643989
644036
644825
644834
645475
645928
646566
646572
664435
664438
672722
676308
680561
722122
722300
722306
723550
724032
724834
725293
725295
725339
726494
736118
759232
831689
831701
831737
831820
832314
836655
839300
839305
842448
844062
844224
844227
844529
779997
888214
778787
888393
888398
888727
888735
888736
888737
888738
888741
888742
888743
888746
888747
829659
889192
889210
889223
889224
845120
889225
889301
889324
889332
889334
889335
889337
889338
889386
889390
889391
889394
889396
889397
889403
889404
889405
889406
846296
856935
889735
741826
889737
889742
741309
889745
889747
788249
889794
889799
889807
780064
889856
897944
897945
789054
868066
1040787
1040789
1040799
741595
1040830
1040850
841411
1041022
1041025
1041417
1041421
1041425
841074
1041730
1041731
1041732
1041733
1041899
1041902
1041903
1041904
1041907
1041908
1041944
1041946
1041948
1041954
1042111
1042288
846682
1042293
1042437
1043223
1043244
1043248
1043251
1043252
1043260
1026986
1043272
1043274
1043276
862491
1043277
876157
1043279
1043282
839268
1043292
1043296
842280
1044398
1044417
1044837
1044847
1044850
787886
1044875
840144
1045031
1045032
1045034
1045037
1045040
1045051
1045060
1045070
1045303
1045305
822795
1045309
741833
787847
1049985
877807
1052407
1055922
1055924
1026506
1001598
1055934
1055936
1056196